1944.0
8.1
1968.0
8.2
1992.0
8.3
2016.0
8.4
2040.0
8.5
2064.0
8.6
2088.0
8.7
2112.0
8.8
2136.0
8.9
1944.00
8.10
1946.40
8.11
1948.80
8.12
1951.20
8.13
1953.60
8.14
1956.00
8.15
1958.40
8.16
1960.80
8.17
1963.20
8.18
1965.60
8.19
1968.00
8.20
1970.40
8.21
1972.80
8.22
1975.20
8.23
1977.60
8.24
1980.00
8.25
1982.40
8.26
1984.80
8.27
1987.20
8.28
1989.60
8.29
1992.00
8.30
1994.40
8.31
1996.80
8.32
1999.20
8.33
2001.60
8.34
2004.00
8.35
2006.40
8.36
2008.80
8.37
2011.20
8.38
2013.60
8.39
2016.00
8.40
2018.40
8.41
2020.80
8.42
2023.20
8.43
2025.60
8.44
2028.00
8.45
2030.40
8.46
2032.80
8.47
2035.20
8.48
2037.60
8.49
2040.00
8.50
2042.40
8.51
2044.80
8.52
2047.20
8.53
2049.60
8.54
2052.00
8.55
2054.40
8.56
2056.80
8.57
2059.20
8.58
2061.60
8.59
2064.00
8.60
2066.40
8.61
2068.80
8.62
2071.20
8.63
2073.60
8.64
2076.00
8.65
2078.40
8.66
2080.80
8.67
2083.20
8.68
2085.60
8.69
2088.00
8.70
2090.40
8.71
2092.80
8.72
2095.20
8.73
2097.60
8.74
2100.00
8.75
2102.40
8.76
2104.80
8.77
2107.20
8.78
2109.60
8.79
2112.00
8.80
2114.40
8.81
2116.80
8.82
2119.20
8.83
2121.60
8.84
2124.00
8.85
2126.40
8.86
2128.80
8.87
2131.20
8.88
2133.60
8.89
2136.00
8.90
2138.40
8.91
2140.80
8.92
2143.20
8.93
2145.60
8.94
2148.00
8.95
2150.40
8.96
2152.80
8.97
2155.20
8.98
2157.60
8.99
