1830.0
6.1
1860.0
6.2
1890.0
6.3
1920.0
6.4
1950.0
6.5
1980.0
6.6
2010.0
6.7
2040.0
6.8
2070.0
6.9
1830.00
6.10
1833.00
6.11
1836.00
6.12
1839.00
6.13
1842.00
6.14
1845.00
6.15
1848.00
6.16
1851.00
6.17
1854.00
6.18
1857.00
6.19
1860.00
6.20
1863.00
6.21
1866.00
6.22
1869.00
6.23
1872.00
6.24
1875.00
6.25
1878.00
6.26
1881.00
6.27
1884.00
6.28
1887.00
6.29
1890.00
6.30
1893.00
6.31
1896.00
6.32
1899.00
6.33
1902.00
6.34
1905.00
6.35
1908.00
6.36
1911.00
6.37
1914.00
6.38
1917.00
6.39
1920.00
6.40
1923.00
6.41
1926.00
6.42
1929.00
6.43
1932.00
6.44
1935.00
6.45
1938.00
6.46
1941.00
6.47
1944.00
6.48
1947.00
6.49
1950.00
6.50
1953.00
6.51
1956.00
6.52
1959.00
6.53
1962.00
6.54
1965.00
6.55
1968.00
6.56
1971.00
6.57
1974.00
6.58
1977.00
6.59
1980.00
6.60
1983.00
6.61
1986.00
6.62
1989.00
6.63
1992.00
6.64
1995.00
6.65
1998.00
6.66
2001.00
6.67
2004.00
6.68
2007.00
6.69
2010.00
6.70
2013.00
6.71
2016.00
6.72
2019.00
6.73
2022.00
6.74
2025.00
6.75
2028.00
6.76
2031.00
6.77
2034.00
6.78
2037.00
6.79
2040.00
6.80
2043.00
6.81
2046.00
6.82
2049.00
6.83
2052.00
6.84
2055.00
6.85
2058.00
6.86
2061.00
6.87
2064.00
6.88
2067.00
6.89
2070.00
6.90
2073.00
6.91
2076.00
6.92
2079.00
6.93
2082.00
6.94
2085.00
6.95
2088.00
6.96
2091.00
6.97
2094.00
6.98
2097.00
6.99
